Energy   	Coherent	
2.000E-02	1.206E+01	
2.050E-02	1.128E+01	
2.100E-02	1.057E+01	
2.150E-02	9.925E+00	
2.200E-02	9.332E+00	
2.250E-02	8.787E+00	
2.300E-02	8.286E+00	
2.350E-02	7.824E+00	
2.400E-02	7.398E+00	
2.450E-02	7.003E+00	
2.500E-02	6.638E+00	
2.550E-02	6.299E+00	
2.600E-02	5.984E+00	
2.650E-02	5.691E+00	
2.700E-02	5.418E+00	
2.750E-02	5.163E+00	
2.800E-02	4.925E+00	
2.850E-02	4.703E+00	
2.900E-02	4.494E+00	
2.950E-02	4.299E+00	
3.000E-02	4.115E+00	
3.050E-02	3.942E+00	
3.100E-02	3.778E+00	
3.150E-02	3.624E+00	
3.200E-02	3.479E+00	
3.250E-02	3.343E+00	
3.300E-02	3.214E+00			
3.350E-02	1.626E+01	
3.400E-02	1.566E+01	
3.450E-02	1.508E+01	
3.500E-02	1.454E+01	
3.550E-02	1.402E+01	
3.600E-02	1.352E+01	
3.650E-02	1.305E+01	
3.700E-02	1.261E+01	
3.750E-02	1.218E+01	
3.800E-02	1.177E+01	
3.850E-02	1.139E+01	
3.900E-02	1.102E+01	
3.950E-02	1.066E+01	
4.000E-02	1.032E+01	
4.050E-02	9.999E+00	
4.100E-02	9.688E+00	
4.150E-02	9.391E+00	
4.200E-02	9.106E+00	
4.250E-02	8.832E+00	
4.300E-02	8.570E+00	
4.350E-02	8.318E+00	
4.400E-02	8.076E+00	
4.450E-02	7.844E+00	
4.500E-02	7.621E+00	
4.550E-02	7.406E+00	
4.600E-02	7.199E+00	
4.650E-02	7.000E+00	
4.700E-02	6.809E+00	
4.750E-02	6.624E+00	
4.800E-02	6.447E+00	
4.850E-02	6.275E+00	
4.900E-02	6.110E+00	
4.950E-02	5.951E+00	
5.000E-02	5.797E+00	
5.050E-02	5.648E+00	
5.100E-02	5.505E+00	
5.150E-02	5.366E+00	
5.200E-02	5.233E+00	
5.250E-02	5.103E+00	
5.300E-02	4.978E+00	
5.350E-02	4.858E+00	
5.400E-02	4.741E+00	
5.450E-02	4.628E+00	
5.500E-02	4.518E+00	
5.550E-02	4.413E+00	
5.600E-02	4.310E+00	
5.650E-02	4.211E+00	
5.700E-02	4.115E+00	
5.750E-02	4.022E+00	
5.800E-02	3.932E+00	
5.850E-02	3.845E+00	
5.900E-02	3.760E+00	
5.950E-02	3.678E+00	
6.000E-02	3.599E+00	
6.050E-02	3.521E+00	
6.100E-02	3.447E+00	
6.150E-02	3.374E+00	
6.200E-02	3.303E+00	
6.250E-02	3.235E+00	
6.300E-02	3.169E+00	
6.350E-02	3.104E+00	
6.400E-02	3.041E+00	
6.450E-02	2.980E+00	
6.500E-02	2.921E+00	
6.550E-02	2.864E+00	
6.600E-02	2.808E+00	
6.650E-02	2.753E+00	
6.700E-02	2.700E+00	
6.750E-02	2.649E+00	
6.800E-02	2.599E+00	
6.850E-02	2.550E+00	
6.900E-02	2.502E+00	
6.950E-02	2.456E+00	
7.000E-02	2.411E+00	
7.050E-02	2.367E+00	
7.100E-02	2.325E+00	
7.150E-02	2.283E+00	
7.200E-02	2.242E+00	
7.250E-02	2.203E+00	
7.300E-02	2.164E+00	
7.350E-02	2.126E+00	
7.400E-02	2.090E+00	
7.450E-02	2.054E+00	
7.500E-02	2.019E+00	
7.550E-02	1.985E+00	
7.600E-02	1.952E+00	
7.650E-02	1.919E+00	
7.700E-02	1.888E+00	
7.750E-02	1.857E+00	
7.800E-02	1.826E+00	
7.850E-02	1.797E+00	
7.900E-02	1.768E+00	
7.950E-02	1.740E+00	
8.000E-02	1.712E+00	
8.050E-02	1.686E+00	
8.100E-02	1.659E+00	
8.150E-02	1.634E+00	
8.200E-02	1.609E+00	
8.250E-02	1.584E+00	
8.300E-02	1.560E+00	
8.350E-02	1.536E+00	
8.400E-02	1.514E+00	
8.450E-02	1.491E+00	
8.500E-02	1.469E+00	
8.550E-02	1.448E+00	
8.600E-02	1.427E+00	
8.650E-02	1.406E+00	
8.700E-02	1.386E+00	
8.750E-02	1.366E+00	
8.800E-02	1.347E+00	
8.850E-02	1.328E+00	
8.900E-02	1.309E+00	
8.950E-02	1.291E+00	
9.000E-02	1.273E+00	
9.050E-02	1.256E+00	
9.100E-02	1.239E+00	
9.150E-02	1.222E+00	
9.200E-02	1.206E+00	
9.250E-02	1.190E+00	
9.300E-02	1.174E+00	
9.350E-02	1.158E+00	
9.400E-02	1.143E+00	
9.450E-02	1.129E+00	
9.500E-02	1.114E+00	
9.550E-02	1.100E+00	
9.600E-02	1.086E+00	
9.650E-02	1.072E+00	
9.700E-02	1.059E+00	
9.750E-02	1.045E+00	
9.800E-02	1.032E+00	
9.850E-02	1.020E+00	
9.900E-02	1.007E+00	
9.950E-02	9.951E-01	
1.000E-01	9.831E-01	
1.005E-01	9.713E-01	
1.010E-01	9.597E-01	
1.015E-01	9.484E-01	
1.020E-01	9.372E-01	
1.025E-01	9.263E-01	
1.030E-01	9.155E-01	
1.035E-01	9.050E-01	
1.040E-01	8.946E-01	
1.045E-01	8.844E-01	
1.050E-01	8.744E-01	
1.055E-01	8.646E-01	
1.060E-01	8.549E-01	
1.065E-01	8.454E-01	
1.070E-01	8.361E-01	
1.075E-01	8.270E-01	
1.080E-01	8.180E-01	
1.085E-01	8.091E-01	
1.090E-01	8.004E-01	
1.095E-01	7.919E-01	
1.100E-01	7.834E-01	
1.105E-01	7.752E-01	
1.110E-01	7.670E-01	
1.115E-01	7.591E-01	
1.120E-01	7.512E-01	
1.125E-01	7.435E-01	
1.130E-01	7.359E-01	
1.135E-01	7.284E-01	
1.140E-01	7.210E-01	
1.145E-01	7.138E-01	
1.150E-01	7.067E-01	
1.155E-01	6.996E-01	
1.160E-01	6.927E-01	
1.165E-01	6.860E-01	
1.170E-01	6.793E-01	
1.175E-01	6.727E-01	
1.180E-01	6.662E-01	
1.185E-01	6.599E-01	
1.190E-01	6.536E-01	
1.195E-01	6.474E-01	
1.200E-01	6.413E-01	